89 57 14 23 38
19 65
44 29 76 82 11 34 97 55 73
12 68 37 41 99
57 25 63
41 52 18 36
84 39 61 47 52 33 26 79 93 15
61 75 98 84 21 19 42 31 65
93 17 29 44 38 72 86 91 27
58 67 72 36 81 46
27 82 94 66 17 49 39 28 31 12 21
42 56 69 78 35 97 53 18
34 47 82 16 52 78 95 29 43
92 46 81 39 58 15 78 64 37
85 21 99 73 41 63 19 36 29 52 94 65 81 14 18
57 63 49 29 66 91 15 78 43 74 98 68 36 22 47 54
87 38 26 92 77 51 14 67 35 89 41 72 93 57 49 18
78 51 33 92 29 68 19 75 84 62 48 39 56 27 16 72 54 38 91
46 55 17 37 92 29 14 66 43 82 28 34 74 95 21 41 67 57 83
81 32 25 99 58 46 37 14 73 65 79 89 24 53 67 35 52 27 42 17 91
28 63 19 39 75 46 87 29 41 53 68 24 96 83 71 56 32 49 21 35 61 45 77
53 62 47 85 71 38 14 24 73 89 92 57 29 63 46 78 34 51 96 84 32 21 59 76 12
41 65 88 12 49 27 39 81 58 32 76 69 95 21 48 83 62 54 72 37 67 43 19 91 25 14
76 41 56 32 24 51 93 69 87 12 54 98 37 64 79 31 42 21 63 95 18 76 57 38 47 26 61
53 39 72 68 95 21 17 85 48 64 36 42 87 23 76 51 93 29 18 54 75 38 62 41 27 84 49 96 32
18 76 57 29 93 24 51 67 89 34 76 22 39 58 93 67 43 84 17 25 95 72 61 56 38 12 69 46 82 32 52
92 76 48 69 38 52 64 17 42 29 75 21 46 91 57 32 69 18 39 82 65 47 93 28 53 75 41 67 25 36 49 85